0 0.5244140625 0.3326822916666667 0.11328125 0.13671875
0 0.48291015625 0.3977864583333333 0.1103515625 0.14192708333333334
0 0.4140625 0.28125 0.10546875 0.15625
0 0.30322265625 0.3268229166666667 0.1259765625 0.1640625
0 0.380859375 0.3268229166666667 0.041015625 0.057291666666666664
0 0.43408203125 0.486328125 0.0751953125 0.12890625
0 0.3408203125 0.4915364583333333 0.126953125 0.17838541666666666
0 0.3837890625 0.4348958333333333 0.09765625 0.1484375
0 0.21240234375 0.4088541666666667 0.1298828125 0.1328125
0 0.22509765625 0.232421875 0.1630859375 0.2669270833333333
0 0.0810546875 0.17252604166666666 0.16015625 0.26953125
0 0.30615234375 0.21354166666666666 0.0185546875 0.06770833333333333
0 0.1572265625 0.3411458333333333 0.017578125 0.049479166666666664
