0 0.61376953125 0.027994791666666668 0.0517578125 0.055989583333333336
0 0.61083984375 0.240234375 0.0556640625 0.10807291666666667
0 0.50927734375 0.23958333333333334 0.0888671875 0.13020833333333334
0 0.40283203125 0.15234375 0.0576171875 0.0859375
0 0.28369140625 0.035807291666666664 0.0673828125 0.06901041666666667
0 0.34619140625 0.024739583333333332 0.0595703125 0.049479166666666664
0 0.01708984375 0.19401041666666666 0.0322265625 0.0703125
0 0.07470703125 0.091796875 0.0400390625 0.05078125
0 0.0947265625 0.11197916666666667 0.041015625 0.049479166666666664
0 0.421875 0.677734375 0.021484375 0.07942708333333333
0 0.2734375 0.5924479166666666 0.01171875 0.059895833333333336
