0 0.4573567708333333 0.287109375 0.21940104166666666 0.2177734375
0 0.5885416666666666 0.30810546875 0.14192708333333334 0.169921875
0 0.6458333333333334 0.410888671875 0.22005208333333334 0.21728515625
0 0.4788411458333333 0.5 0.22330729166666666 0.2158203125
0 0.6272786458333334 0.574951171875 0.20638020833333334 0.18212890625
0 0.462890625 0.68212890625 0.14453125 0.173828125
0 0.3675130208333333 0.63916015625 0.22721354166666666 0.1826171875
0 0.306640625 0.5029296875 0.15104166666666666 0.1015625
0 0.3082682291666667 0.411376953125 0.216796875 0.20068359375
0 0.3707682291666667 0.330078125 0.14127604166666666 0.150390625
