0 0.67236328125 0.4793814432989691 0.1728515625 0.3166421207658321
0 0.14794921875 0.2599410898379971 0.1669921875 0.2812960235640648
0 0.2373046875 0.4587628865979381 0.173828125 0.19293078055964655
0 0.29296875 0.2106038291605302 0.140625 0.25625920471281294
0 0.2841796875 0.3696612665684831 0.123046875 0.1325478645066274
0 0.13818359375 0.4418262150220913 0.0224609375 0.13549337260677466
0 0.171875 0.1480117820324006 0.08984375 0.06921944035346098
0 0.2373046875 0.08100147275405008 0.12890625 0.16200294550810015
0 0.42041015625 0.11487481590574374 0.1533203125 0.2268041237113402
0 0.3798828125 0.26362297496318116 0.119140625 0.18851251840942562
0 0.33154296875 0.4528718703976436 0.0380859375 0.13696612665684832
0 0.19140625 0.601620029455081 0.17578125 0.25184094256259204
0 0.3212890625 0.7290132547864506 0.15625 0.2268041237113402
0 0.4755859375 0.7606774668630338 0.1875 0.24005891016200295
0 0.1826171875 0.7871870397643593 0.13671875 0.16936671575846834
0 0.1962890625 0.9374079528718704 0.185546875 0.1251840942562592
0 0.1240234375 0.8114874815905744 0.087890625 0.19145802650957292
0 0.07275390625 0.43593519882179677 0.1318359375 0.31516936671575846
0 0.0595703125 0.5684830633284241 0.044921875 0.18556701030927836
0 0.8046875 0.8622974963181149 0.181640625 0.20471281296023564
0 0.78271484375 0.9359351988217968 0.2099609375 0.12812960235640647
0 0.806640625 0.7032400589101621 0.171875 0.21354933726067746
0 0.857421875 0.5287187039764359 0.146484375 0.27393225331369664
0 0.830078125 0.26804123711340205 0.216796875 0.3387334315169367
0 0.63623046875 0.12223858615611193 0.1572265625 0.24447717231222385
0 0.79736328125 0.10014727540500737 0.1884765625 0.19734904270986744
0 0.35107421875 0.9462444771723122 0.1435546875 0.10456553755522828
0 0.1005859375 0.6590574374079529 0.0546875 0.13991163475699558
