0 0.11263020833333333 0.14404296875 0.22005208333333334 0.2880859375
0 0.14973958333333334 0.408203125 0.2994791666666667 0.283203125
0 0.11263020833333333 0.65185546875 0.22265625 0.2216796875
0 0.07161458333333333 0.85498046875 0.140625 0.2177734375
0 0.2962239583333333 0.37060546875 0.09244791666666667 0.1025390625
0 0.2786458333333333 0.48583984375 0.22135416666666666 0.1494140625
0 0.2571614583333333 0.83837890625 0.3580729166666667 0.2587890625
0 0.43359375 0.87255859375 0.12760416666666666 0.1220703125
0 0.5625 0.73046875 0.359375 0.2421875
0 0.3951822916666667 0.59716796875 0.3919270833333333 0.2841796875
0 0.6686197916666666 0.48583984375 0.38671875 0.2529296875
0 0.5677083333333334 0.22705078125 0.4453125 0.3466796875
