0 0.22459499263622976 0.380859375 0.13107511045655376 0.09765625
0 0.15390279823269515 0.4111328125 0.14285714285714285 0.103515625
0 0.0625920471281296 0.40869140625 0.07216494845360824 0.0634765625
0 0.0780559646539028 0.47900390625 0.1561119293078056 0.0908203125
0 0.10456553755522828 0.53173828125 0.08541973490427099 0.0537109375
0 0.19661266568483063 0.51416015625 0.14580265095729014 0.1025390625
0 0.4955817378497791 0.357421875 0.101620029455081 0.0859375
0 0.5839469808541974 0.30517578125 0.0780559646539028 0.1123046875
0 0.7422680412371134 0.57958984375 0.25920471281296026 0.1337890625
0 0.6082474226804123 0.6630859375 0.13843888070692195 0.095703125
0 0.5795287187039765 0.7060546875 0.15758468335787923 0.107421875
