0 0.71826171875 0.18244084682440848 0.1123046875 0.11083437110834371
0 0.74169921875 0.2727272727272727 0.0771484375 0.09713574097135741
0 0.66015625 0.25653798256537985 0.091796875 0.099626400996264
0 0.6171875 0.199252801992528 0.10546875 0.0722291407222914
0 0.66943359375 0.3530510585305106 0.0771484375 0.10336239103362391
0 0.560546875 0.261519302615193 0.111328125 0.09464508094645081
0 0.587890625 0.30074719800747196 0.083984375 0.10834371108343711
0 0.6064453125 0.35990037359900373 0.05859375 0.074719800747198
0 0.603515625 0.4476961394769614 0.080078125 0.11083437110834371
0 0.54443359375 0.3904109589041096 0.0830078125 0.10834371108343711
0 0.5 0.3356164383561644 0.107421875 0.0684931506849315
0 0.4580078125 0.4153175591531756 0.107421875 0.1133250311332503
0 0.51953125 0.4943960149439601 0.0859375 0.11207970112079702
0 0.4345703125 0.46450809464508097 0.111328125 0.09713574097135741
0 0.365234375 0.5448318804483188 0.1015625 0.09339975093399751
0 0.3173828125 0.6301369863013698 0.07421875 0.08468244084682441
