0 0.53369140625 0.3594436310395315 0.3564453125 0.28257686676427524
0 0.73046875 0.5402635431918009 0.5390625 0.4538799414348463
0 0.5078125 0.5336749633967789 0.271484375 0.37920937042459735
0 0.5830078125 0.8682284040995608 0.70703125 0.25768667642752563
0 0.79541015625 0.6259150805270863 0.4091796875 0.24743777452415813
0 0.83642578125 0.7869692532942899 0.3271484375 0.4260614934114202
0 0.931640625 0.34553440702781846 0.13671875 0.20790629575402636
0 0.8662109375 0.23792093704245973 0.265625 0.1800878477306003
0 0.96484375 0.18594436310395315 0.068359375 0.09077598828696926
0 0.55859375 0.2342606149341142 0.337890625 0.18448023426061494
0 0.61181640625 0.17569546120058566 0.3076171875 0.2840409956076135
0 0.38232421875 0.308199121522694 0.0498046875 0.1273792093704246
0 0.29150390625 0.09809663250366032 0.1572265625 0.07613469985358712
0 0.10205078125 0.4158125915080527 0.2021484375 0.28111273792093705
0 0.11572265625 0.24816983894582723 0.1611328125 0.16251830161054173
0 0.05810546875 0.17130307467057102 0.1123046875 0.17276720351390923
0 0.02587890625 0.2796486090775988 0.0498046875 0.19326500732064422
0 0.2421875 0.7525622254758418 0.46484375 0.49194729136163984
0 0.048828125 0.7759882869692533 0.095703125 0.4480234260614934
