0 0.791015625 0.1579497907949791 0.103515625 0.1192468619246862
0 0.7275390625 0.10826359832635983 0.123046875 0.14539748953974896
0 0.61767578125 0.09100418410041841 0.1337890625 0.15481171548117154
0 0.51220703125 0.10251046025104603 0.1064453125 0.13179916317991633
0 0.7744140625 0.24267782426778242 0.11328125 0.10669456066945607
0 0.68896484375 0.1694560669456067 0.0732421875 0.04811715481171548
0 0.61474609375 0.16684100418410042 0.1044921875 0.04288702928870293
0 0.6923828125 0.2217573221757322 0.091796875 0.08158995815899582
0 0.7109375 0.28661087866108786 0.091796875 0.07531380753138076
0 0.61328125 0.20868200836820083 0.099609375 0.07635983263598327
0 0.61767578125 0.26830543933054396 0.0966796875 0.07217573221757322
0 0.53955078125 0.2337866108786611 0.0869140625 0.06589958158995816
0 0.5205078125 0.1684100418410042 0.1171875 0.0899581589958159
0 0.4453125 0.21809623430962344 0.107421875 0.11610878661087866
0 0.31982421875 0.28765690376569036 0.0498046875 0.056485355648535567
0 0.29833984375 0.2625523012552301 0.0537109375 0.060669456066945605
